Pulses <- c('P01','P02','P03','P04','P05','P06','P07','P08','P09','P10','P11','P12','P13','P14','P15','P16','P17','P18','P19','P20','P21','P22','P23','P24',
            'P25','P26','P27','P28','P29','P30','P31','P32','P33','P34','P35','P36','P37','P38','P39','P40','P41','P42','P43','P44','P45','P46','P47','P48')
Tree_Blank <- data.frame(TREE1_TH1=NA,TREE2_TH1=NA,TREE3_TH1=NA,TREE4_TH1=NA,TREE5_TH1=NA,TREE1_TH2=NA,TREE2_TH2=NA,TREE3_TH2=NA,TREE4_TH2=NA,TREE5_TH2=NA,TREE1_TH3=NA,TREE2_TH3=NA,TREE3_TH3=NA,TREE4_TH3=NA,TREE5_TH3=NA)
Heat_Blank <- data.frame(HT1=NA,HT2=NA,HT3=NA,HT4=NA,HT5=NA)
